30 50 -2.4 -1.3 0.160523 326.641 2034.85
30 50 -1.3 0 0.100728 326.043 3236.87
30 50 0 1.3 0.0998418 321.433 3219.43
30 50 1.3 2.4 0.163267 334.311 2047.63
50 70 -2.4 -1.3 0.127129 112.36 883.83
50 70 -1.3 0 0.078227 119.03 1521.6
50 70 0 1.3 0.0798707 123.908 1551.36
50 70 1.3 2.4 0.12999 114.745 882.728
70 100 -2.4 -1.3 0.102529 70.4178 686.812
70 100 -1.3 0 0.0626593 80.9171 1291.38
70 100 0 1.3 0.0671202 86.0286 1281.71
70 100 1.3 2.4 0.107119 72.0758 672.859
100 140 -2.4 -1.3 0.101476 46.7968 461.162
100 140 -1.3 0 0.0589288 55.5086 941.96
100 140 0 1.3 0.0640211 61.1236 954.743
100 140 1.3 2.4 0.0984495 43.2477 439.288
140 200 -2.4 -1.3 0.102089 33.6152 329.272
140 200 -1.3 0 0.0599223 40.7954 680.806
140 200 0 1.3 0.0688496 46.1235 669.917
140 200 1.3 2.4 0.11449 36.3907 317.851
200 300 -2.4 -1.3 0.145077 23.5518 162.34
200 300 -1.3 0 0.0706321 25.8916 366.57
200 300 0 1.3 0.073005 29.0124 397.404
200 300 1.3 2.4 0.117562 19.9232 169.47
300 600 -2.4 -1.3 0.203693 10.852 53.2762
300 600 -1.3 0 0.128943 23.3737 181.272
300 600 0 1.3 0.145319 27.4455 188.864
300 600 1.3 2.4 0.228958 14.0977 61.573
600 1000 -2.4 -1.3 0.550391 1.05745 1.92127
600 1000 -1.3 0 0.287625 4.2495 14.7744
600 1000 0 1.3 0.288305 5.02948 17.445
600 1000 1.3 2.4 0.435044 1.2278 2.82223
