30 50 -2.4 -1.3 0.166568 151.144 907.401
30 50 -1.3 0 0.10113 143.59 1419.87
30 50 0 1.3 0.105216 152.634 1450.67
30 50 1.3 2.4 0.178889 163.444 913.661
50 70 -2.4 -1.3 0.130458 50.0578 383.709
50 70 -1.3 0 0.0729335 48.049 658.806
50 70 0 1.3 0.0788703 53.3514 676.445
50 70 1.3 2.4 0.144702 55.136 381.032
70 100 -2.4 -1.3 0.105114 29.5724 281.337
70 100 -1.3 0 0.0692974 38.0063 548.453
70 100 0 1.3 0.0644853 35.5786 551.731
70 100 1.3 2.4 0.130563 37.8099 289.592
100 140 -2.4 -1.3 0.112645 20.9235 185.747
100 140 -1.3 0 0.0569291 23.4209 411.405
100 140 0 1.3 0.0678591 27.6541 407.523
100 140 1.3 2.4 0.111965 21.9379 195.935
140 200 -2.4 -1.3 0.120975 17.1483 141.751
140 200 -1.3 0 0.0631477 18.3501 290.59
140 200 0 1.3 0.0620721 18.3323 295.339
140 200 1.3 2.4 0.114721 16.0225 139.665
200 300 -2.4 -1.3 0.155231 11.4303 73.6346
200 300 -1.3 0 0.0805009 13.4237 166.752
200 300 0 1.3 0.0777504 12.7513 164.003
200 300 1.3 2.4 0.144832 10.6024 73.2051
300 600 -2.4 -1.3 0.278504 7.48066 26.8602
300 600 -1.3 0 0.124195 10.6359 85.6381
300 600 0 1.3 0.133911 10.3696 77.4363
300 600 1.3 2.4 0.280195 7.48487 26.713
600 1000 -2.4 -1.3 0.550452 0.57539 1.0453
600 1000 -1.3 0 0.149688 2.0881 13.9497
600 1000 0 1.3 0.330974 2.80115 8.46335
600 1000 1.3 2.4 0.556456 0.802194 1.44161
