30 50 -2.4 -1.3 0.772398 76.3533 98.8522
30 50 -1.3 0 0.774068 112.999 145.981
30 50 0 1.3 0.781632 112.301 143.675
30 50 1.3 2.4 0.716666 74.6222 104.124
50 70 -2.4 -1.3 0.833414 39.754 47.7002
50 70 -1.3 0 0.816857 70.9769 86.8903
50 70 0 1.3 0.792492 62.0195 78.2588
50 70 1.3 2.4 0.804327 48.6889 60.5337
70 100 -2.4 -1.3 0.810175 40.3057 49.7493
70 100 -1.3 0 0.774537 50.5741 65.2959
70 100 0 1.3 0.806129 56.3394 69.8888
70 100 1.3 2.4 0.732265 27.95 38.1692
100 140 -2.4 -1.3 0.817501 19.5159 23.8727
100 140 -1.3 0 0.819446 34.1763 41.7066
100 140 0 1.3 0.816258 40.7984 49.9822
100 140 1.3 2.4 0.792308 19.6528 24.8045
140 200 -2.4 -1.3 0.828689 13.2301 15.9651
140 200 -1.3 0 0.814102 31.799 39.0602
140 200 0 1.3 0.826835 26.7312 32.3295
140 200 1.3 2.4 0.820423 15.696 19.1316
200 300 -2.4 -1.3 0.617025 3.78625 6.13629
200 300 -1.3 0 0.784333 13.7078 17.477
200 300 0 1.3 0.827738 16.1802 19.5475
200 300 1.3 2.4 0.727335 5.30358 7.29179
300 600 -2.4 -1.3 0.806861 2.48374 3.07828
300 600 -1.3 0 0.760903 5.49755 7.22504
300 600 0 1.3 0.846862 8.13797 9.60956
300 600 1.3 2.4 0.778588 2.83442 3.64046
600 1000 -2.4 -1.3 0.72264 0.484395 0.670314
600 1000 -1.3 0 0.896308 0.46315 0.516731
600 1000 0 1.3 0.759911 0.2624 0.345304
600 1000 1.3 2.4 0.977728 0.197525 0.202025
