30 50 -2.4 -1.3 0.0166994 15.1531 907.401
30 50 -1.3 0 0.0100078 14.2097 1419.87
30 50 0 1.3 0.0107861 15.6471 1450.67
30 50 1.3 2.4 0.0162114 14.8117 913.661
50 70 -2.4 -1.3 0.0166815 6.40084 383.709
50 70 -1.3 0 0.00770981 5.07927 658.806
50 70 0 1.3 0.0111561 7.54651 676.445
50 70 1.3 2.4 0.016898 6.43869 381.032
70 100 -2.4 -1.3 0.0128942 3.62763 281.337
70 100 -1.3 0 0.00855178 4.69025 548.453
70 100 0 1.3 0.00874582 4.82534 551.731
70 100 1.3 2.4 0.0153827 4.45471 289.592
100 140 -2.4 -1.3 0.0147409 2.73808 185.747
100 140 -1.3 0 0.00813111 3.34518 411.405
100 140 0 1.3 0.00754611 3.07521 407.523
100 140 1.3 2.4 0.0141079 2.76422 195.935
140 200 -2.4 -1.3 0.0162419 2.3023 141.751
140 200 -1.3 0 0.0124037 3.60438 290.59
140 200 0 1.3 0.0103139 3.04609 295.339
140 200 1.3 2.4 0.0198333 2.77001 139.665
200 300 -2.4 -1.3 0.0234619 1.72761 73.6346
200 300 -1.3 0 0.012225 2.03854 166.752
200 300 0 1.3 0.0124567 2.04293 164.003
200 300 1.3 2.4 0.0203293 1.48821 73.2051
300 600 -2.4 -1.3 0.0540445 1.45164 26.8602
300 600 -1.3 0 0.026011 2.22753 85.6381
300 600 0 1.3 0.0247597 1.9173 77.4363
300 600 1.3 2.4 0.0586714 1.56729 26.713
600 1000 -2.4 -1.3 0.108905 0.113839 1.0453
600 1000 -1.3 0 0.0411988 0.574713 13.9497
600 1000 0 1.3 0.0756677 0.640402 8.46335
600 1000 1.3 2.4 0.148726 0.214406 1.44161
