30 50 -2.4 -1.3 0.684219 23.216 33.9306
30 50 -1.3 0 0.775469 39.5903 51.0534
30 50 0 1.3 0.689437 34.5474 50.1096
30 50 1.3 2.4 0.651873 20.7546 31.8385
50 70 -2.4 -1.3 0.761077 13.306 17.4831
50 70 -1.3 0 0.780414 18.9763 24.3157
50 70 0 1.3 0.777999 19.9255 25.6112
50 70 1.3 2.4 0.707977 10.6521 15.0459
70 100 -2.4 -1.3 0.755123 9.71405 12.8642
70 100 -1.3 0 0.769719 15.1869 19.7304
70 100 0 1.3 0.776965 17.2136 22.1549
70 100 1.3 2.4 0.733865 8.19097 11.1614
100 140 -2.4 -1.3 0.809788 7.83372 9.6738
100 140 -1.3 0 0.687893 10.6676 15.5077
100 140 0 1.3 0.786838 11.1366 14.1536
100 140 1.3 2.4 0.746621 4.62463 6.19409
140 200 -2.4 -1.3 0.69869 3.46061 4.953
140 200 -1.3 0 0.774527 8.46424 10.9283
140 200 0 1.3 0.67846 8.15351 12.0177
140 200 1.3 2.4 0.76767 3.8212 4.97766
200 300 -2.4 -1.3 0.693988 1.20889 1.74194
200 300 -1.3 0 0.709087 4.4875 6.32856
200 300 0 1.3 0.795124 3.97716 5.00194
200 300 1.3 2.4 0.667746 1.00443 1.50421
300 600 -2.4 -1.3 0.337763 0.442024 1.30868
300 600 -1.3 0 0.745898 1.62013 2.17206
300 600 0 1.3 0.758123 2.2156 2.92249
300 600 1.3 2.4 0.599554 0.443524 0.739756
600 1000 -2.4 -1.3 0.969972 0.00185584 0.00191329
600 1000 -1.3 0 0.713465 0.109201 0.153058
600 1000 0 1.3 0.403368 0.0776608 0.192531
600 1000 1.3 2.4 0.819117 0.0667356 0.0814726
