30 50 -2.4 -1.3 0.157597 459.655 2916.65
30 50 -1.3 0 0.102748 477.556 4647.81
30 50 0 1.3 0.106454 489.944 4602.39
30 50 1.3 2.4 0.1647 476.081 2890.6
50 70 -2.4 -1.3 0.136528 182.862 1339.38
50 70 -1.3 0 0.0778338 171.896 2208.5
50 70 0 1.3 0.0837385 186.578 2228.11
50 70 1.3 2.4 0.131049 166.057 1267.14
70 100 -2.4 -1.3 0.0987116 98.2927 995.756
70 100 -1.3 0 0.0691781 127.411 1841.79
70 100 0 1.3 0.0678341 123.696 1823.51
70 100 1.3 2.4 0.106574 105.259 987.663
100 140 -2.4 -1.3 0.0989156 65.1918 659.065
100 140 -1.3 0 0.0586588 79.9639 1363.2
100 140 0 1.3 0.062702 83.5887 1333.11
100 140 1.3 2.4 0.0961368 65.1007 677.168
140 200 -2.4 -1.3 0.106678 51.3794 481.631
140 200 -1.3 0 0.0605099 59.3005 980.013
140 200 0 1.3 0.0671632 64.609 961.97
140 200 1.3 2.4 0.101533 48.7302 479.946
200 300 -2.4 -1.3 0.113497 27.7941 244.889
200 300 -1.3 0 0.075675 42.1791 557.371
200 300 0 1.3 0.0906664 48.0292 529.735
200 300 1.3 2.4 0.128159 30.6851 239.429
300 600 -2.4 -1.3 0.220519 19.91 90.2869
300 600 -1.3 0 0.145972 36.7915 252.045
300 600 0 1.3 0.137375 35.4723 258.215
300 600 1.3 2.4 0.232383 20.7476 89.2818
600 1000 -2.4 -1.3 0.509647 1.96467 3.85497
600 1000 -1.3 0 0.296387 7.39938 24.9652
600 1000 0 1.3 0.337483 8.83042 26.1655
600 1000 1.3 2.4 0.616699 2.5503 4.13541
