30 50 -2.4 -1.3 0.138202 4.06198 29.3916
30 50 -1.3 0 0.1769 10.5455 59.6126
30 50 0 1.3 0.12939 7.82676 60.4899
30 50 1.3 2.4 0.11617 3.43281 29.5499
50 70 -2.4 -1.3 0.133289 2.58201 19.3715
50 70 -1.3 0 0.119614 4.16155 34.7916
50 70 0 1.3 0.132567 4.62367 34.878
50 70 1.3 2.4 0.103725 1.84035 17.7427
70 100 -2.4 -1.3 0.0710841 1.05757 14.8777
70 100 -1.3 0 0.106977 3.47585 32.4914
70 100 0 1.3 0.125918 3.68358 29.2539
70 100 1.3 2.4 0.119153 1.77487 14.8958
100 140 -2.4 -1.3 0.0713831 0.664584 9.3101
100 140 -1.3 0 0.124496 2.39316 19.2227
100 140 0 1.3 0.16679 3.59036 21.5262
100 140 1.3 2.4 0.0928567 0.832437 8.96475
140 200 -2.4 -1.3 0.118184 0.671228 5.6795
140 200 -1.3 0 0.122321 1.78219 14.5698
140 200 0 1.3 0.120158 1.59462 13.271
140 200 1.3 2.4 0.179693 1.09985 6.12074
200 300 -2.4 -1.3 0.137003 0.441667 3.22378
200 300 -1.3 0 0.126768 0.976423 7.70245
200 300 0 1.3 0.150478 1.18938 7.90399
200 300 1.3 2.4 0.187455 0.496616 2.64926
300 600 -2.4 -1.3 0.220593 0.245803 1.11428
300 600 -1.3 0 0.103135 0.385775 3.74048
300 600 0 1.3 0.224613 0.825782 3.67646
300 600 1.3 2.4 0.132673 0.0903122 0.680714
600 1000 -2.4 -1.3 0.269845 0.00717231 0.0265793
600 1000 -1.3 0 0.487217 0.0825542 0.16944
600 1000 0 1.3 0.144429 0.0594129 0.411364
600 1000 1.3 2.4 0.145751 0.0122538 0.0840735
