30 50 -2.4 -1.3 0.878515 29.8086 33.9306
30 50 -1.3 0 0.889883 45.4315 51.0534
30 50 0 1.3 0.838717 42.0278 50.1096
30 50 1.3 2.4 0.817053 26.0137 31.8385
50 70 -2.4 -1.3 0.872177 15.2483 17.4831
50 70 -1.3 0 0.880483 21.4096 24.3157
50 70 0 1.3 0.867767 22.2245 25.6112
50 70 1.3 2.4 0.881178 13.2581 15.0459
70 100 -2.4 -1.3 0.898146 11.5539 12.8642
70 100 -1.3 0 0.87486 17.2614 19.7304
70 100 0 1.3 0.868191 19.2347 22.1549
70 100 1.3 2.4 0.859597 9.59431 11.1614
100 140 -2.4 -1.3 0.932292 9.0188 9.6738
100 140 -1.3 0 0.87514 13.5714 15.5077
100 140 0 1.3 0.897213 12.6988 14.1536
100 140 1.3 2.4 0.891751 5.52358 6.19409
140 200 -2.4 -1.3 0.810862 4.0162 4.953
140 200 -1.3 0 0.862378 9.4243 10.9283
140 200 0 1.3 0.802126 9.63969 12.0177
140 200 1.3 2.4 0.898387 4.47187 4.97766
200 300 -2.4 -1.3 0.859416 1.49705 1.74194
200 300 -1.3 0 0.794294 5.02674 6.32856
200 300 0 1.3 0.932989 4.66675 5.00194
200 300 1.3 2.4 0.901488 1.35603 1.50421
300 600 -2.4 -1.3 0.754358 0.987212 1.30868
300 600 -1.3 0 0.864032 1.87673 2.17206
300 600 0 1.3 0.8721 2.5487 2.92249
300 600 1.3 2.4 0.81362 0.60188 0.739756
600 1000 -2.4 -1.3 1 0.00191329 0.00191329
600 1000 -1.3 0 0.99153 0.151761 0.153058
600 1000 0 1.3 0.841213 0.16196 0.192531
600 1000 1.3 2.4 0.913867 0.0744551 0.0814726
