30 50 -2.4 -1.3 0.477539 89.042 186.46
30 50 -1.3 0 0.471076 135.323 287.263
30 50 0 1.3 0.480837 132.6 275.768
30 50 1.3 2.4 0.478708 81.466 170.179
50 70 -2.4 -1.3 0.463902 38.7106 83.4455
50 70 -1.3 0 0.454163 66.3307 146.05
50 70 0 1.3 0.467915 70.3675 150.385
50 70 1.3 2.4 0.459778 40.6811 88.48
70 100 -2.4 -1.3 0.433774 28.4876 65.6738
70 100 -1.3 0 0.41687 56.2847 135.017
70 100 0 1.3 0.433007 53.7949 124.236
70 100 1.3 2.4 0.426017 29.306 68.7906
100 140 -2.4 -1.3 0.429657 17.1782 39.9812
100 140 -1.3 0 0.44212 37.3633 84.5094
100 140 0 1.3 0.40718 36.4988 89.6379
100 140 1.3 2.4 0.409442 15.227 37.1895
140 200 -2.4 -1.3 0.433022 10.5436 24.3488
140 200 -1.3 0 0.483953 29.633 61.2311
140 200 0 1.3 0.476818 31.5934 66.2589
140 200 1.3 2.4 0.451265 10.0825 22.3428
200 300 -2.4 -1.3 0.519738 7.12548 13.7097
200 300 -1.3 0 0.424852 15.2121 35.8056
200 300 0 1.3 0.411342 15.2401 37.0498
200 300 1.3 2.4 0.526416 6.65787 12.6475
300 600 -2.4 -1.3 0.687565 2.66481 3.87572
300 600 -1.3 0 0.483963 7.14684 14.7673
300 600 0 1.3 0.582644 8.36598 14.3587
300 600 1.3 2.4 0.331625 1.73185 5.22231
600 1000 -2.4 -1.3 0.930523 0.142305 0.15293
600 1000 -1.3 0 0.603547 1.08327 1.79484
600 1000 0 1.3 0.816505 1.5653 1.91707
600 1000 1.3 2.4 0.718182 0.040465 0.0563436
