30 50 -2.4 -1.3 0.194083 154.441 795.745
30 50 -1.3 0 0.112932 139.988 1239.58
30 50 0 1.3 0.117746 150.19 1275.54
30 50 1.3 2.4 0.2139 166.994 780.71
50 70 -2.4 -1.3 0.165115 57.6592 349.206
50 70 -1.3 0 0.0865478 51.2489 592.146
50 70 0 1.3 0.0859777 51.2972 596.634
50 70 1.3 2.4 0.166994 57.2328 342.723
70 100 -2.4 -1.3 0.132758 34.7639 261.86
70 100 -1.3 0 0.0727835 35.8892 493.096
70 100 0 1.3 0.0701704 34.8368 496.461
70 100 1.3 2.4 0.137958 34.6733 251.333
100 140 -2.4 -1.3 0.115881 19.8591 171.375
100 140 -1.3 0 0.0602374 21.818 362.2
100 140 0 1.3 0.0668501 23.6439 353.686
100 140 1.3 2.4 0.138601 23.3849 168.721
140 200 -2.4 -1.3 0.126667 16.2297 128.129
140 200 -1.3 0 0.0654956 17.5752 268.341
140 200 0 1.3 0.0704796 18.918 268.418
140 200 1.3 2.4 0.132072 15.788 119.54
200 300 -2.4 -1.3 0.141074 8.96636 63.558
200 300 -1.3 0 0.0900202 13.2232 146.892
200 300 0 1.3 0.0887484 12.9513 145.933
200 300 1.3 2.4 0.164602 10.9061 66.2572
300 600 -2.4 -1.3 0.252057 6.82264 27.0678
300 600 -1.3 0 0.155194 10.9849 70.7816
300 600 0 1.3 0.148645 10.1675 68.4011
300 600 1.3 2.4 0.274164 6.8345 24.9285
600 1000 -2.4 -1.3 0.486331 0.573256 1.17874
600 1000 -1.3 0 0.265225 1.83216 6.90796
600 1000 0 1.3 0.306651 2.21876 7.23545
600 1000 1.3 2.4 0.480732 0.487397 1.01386
