30 50 -2.4 -1.3 0.195278 52.1628 267.121
30 50 -1.3 0 0.180353 74.0627 410.654
30 50 0 1.3 0.17872 73.9446 413.745
30 50 1.3 2.4 0.195653 50.6573 258.914
50 70 -2.4 -1.3 0.159819 18.8255 117.793
50 70 -1.3 0 0.150674 33.7236 223.818
50 70 0 1.3 0.157955 33.5313 212.284
50 70 1.3 2.4 0.163324 19.7796 121.106
70 100 -2.4 -1.3 0.143837 13.1643 91.5227
70 100 -1.3 0 0.161419 28.7195 177.919
70 100 0 1.3 0.165282 30.9595 187.313
70 100 1.3 2.4 0.121737 11.2889 92.7316
100 140 -2.4 -1.3 0.152913 8.66332 56.6554
100 140 -1.3 0 0.148916 18.7819 126.124
100 140 0 1.3 0.145342 18.623 128.132
100 140 1.3 2.4 0.153205 8.66098 56.5321
140 200 -2.4 -1.3 0.159355 5.85796 36.7604
140 200 -1.3 0 0.162846 15.9016 97.6479
140 200 0 1.3 0.159271 13.9967 87.8797
140 200 1.3 2.4 0.133125 5.11993 38.4596
200 300 -2.4 -1.3 0.15949 2.62901 16.4838
200 300 -1.3 0 0.182897 9.35007 51.1222
200 300 0 1.3 0.150914 7.49486 49.6633
200 300 1.3 2.4 0.191108 3.19788 16.7334
300 600 -2.4 -1.3 0.287206 2.03566 7.0878
300 600 -1.3 0 0.201693 3.97242 19.6953
300 600 0 1.3 0.186387 5.02725 26.972
300 600 1.3 2.4 0.147627 1.04659 7.08942
600 1000 -2.4 -1.3 0.0884563 0.0220143 0.248872
600 1000 -1.3 0 0.370027 0.640016 1.72965
600 1000 0 1.3 0.455905 1.54027 3.37848
600 1000 1.3 2.4 0.85578 0.179952 0.210279
