30 50 -2.4 -1.3 0.0162569 33.0803 2034.85
30 50 -1.3 0 0.00906447 29.3405 3236.87
30 50 0 1.3 0.0095557 30.7639 3219.43
30 50 1.3 2.4 0.0181031 37.0685 2047.63
50 70 -2.4 -1.3 0.0147354 13.0235 883.83
50 70 -1.3 0 0.00902685 13.7353 1521.6
50 70 0 1.3 0.0080238 12.4478 1551.36
50 70 1.3 2.4 0.014719 12.9929 882.728
70 100 -2.4 -1.3 0.0135922 9.3353 686.812
70 100 -1.3 0 0.00721063 9.31168 1291.38
70 100 0 1.3 0.0070651 9.05539 1281.71
70 100 1.3 2.4 0.0124775 8.39557 672.859
100 140 -2.4 -1.3 0.00854102 3.9388 461.162
100 140 -1.3 0 0.00591177 5.56865 941.96
100 140 0 1.3 0.00611209 5.83547 954.743
100 140 1.3 2.4 0.0103594 4.55076 439.288
140 200 -2.4 -1.3 0.0130299 4.2904 329.272
140 200 -1.3 0 0.00653234 4.44725 680.806
140 200 0 1.3 0.00714454 4.78625 669.917
140 200 1.3 2.4 0.0134131 4.26338 317.851
200 300 -2.4 -1.3 0.0206073 3.3454 162.34
200 300 -1.3 0 0.00839271 3.07652 366.57
200 300 0 1.3 0.00897562 3.56694 397.404
200 300 1.3 2.4 0.0146033 2.47482 169.47
300 600 -2.4 -1.3 0.0299542 1.59584 53.2762
300 600 -1.3 0 0.0181323 3.28688 181.272
300 600 0 1.3 0.0214186 4.04521 188.864
300 600 1.3 2.4 0.0375463 2.31184 61.573
600 1000 -2.4 -1.3 0.11693 0.224653 1.92127
600 1000 -1.3 0 0.0554579 0.819359 14.7744
600 1000 0 1.3 0.0523958 0.914046 17.445
600 1000 1.3 2.4 0.048588 0.137127 2.82223
