30 50 -2.4 -1.3 0.889268 63.3009 71.1832
30 50 -1.3 0 0.925248 99.2721 107.292
30 50 0 1.3 0.898111 95.1703 105.967
30 50 1.3 2.4 0.894035 68.2046 76.2885
50 70 -2.4 -1.3 0.884603 28.567 32.2936
50 70 -1.3 0 0.91561 49.4902 54.0516
50 70 0 1.3 0.89953 49.5054 55.0347
50 70 1.3 2.4 0.899977 28.4154 31.5734
70 100 -2.4 -1.3 0.910994 20.796 22.8279
70 100 -1.3 0 0.89137 44.7398 50.1922
70 100 0 1.3 0.883195 44.441 50.3184
70 100 1.3 2.4 0.868697 20.8859 24.0428
100 140 -2.4 -1.3 0.943796 15.0445 15.9404
100 140 -1.3 0 0.899243 31.5328 35.0659
100 140 0 1.3 0.880513 28.0094 31.8103
100 140 1.3 2.4 0.8311 13.4459 16.1784
140 200 -2.4 -1.3 0.941471 7.27296 7.7251
140 200 -1.3 0 0.906641 22.0381 24.3074
140 200 0 1.3 0.88265 19.1684 21.7169
140 200 1.3 2.4 0.777587 6.36043 8.1797
200 300 -2.4 -1.3 0.878208 3.40663 3.87907
200 300 -1.3 0 0.876505 11.7773 13.4366
200 300 0 1.3 0.900107 12.8203 14.2431
200 300 1.3 2.4 0.922152 5.58725 6.05893
300 600 -2.4 -1.3 0.97672 1.74353 1.78508
300 600 -1.3 0 0.895943 5.26064 5.87162
300 600 0 1.3 0.936752 4.76289 5.08448
300 600 1.3 2.4 0.964521 1.2833 1.33051
600 1000 -2.4 -1.3 1 0.124122 0.124122
600 1000 -1.3 0 0.993174 0.304135 0.306226
600 1000 0 1.3 0.995647 0.582763 0.585311
600 1000 1.3 2.4 0.920035 0.0252279 0.0274206
