30 50 -2.4 -1.3 0.149206 10.8701 72.8532
30 50 -1.3 0 0.176691 19.3704 109.628
30 50 0 1.3 0.177486 21.2764 119.877
30 50 1.3 2.4 0.156696 11.6073 74.0752
50 70 -2.4 -1.3 0.114778 4.27075 37.2089
50 70 -1.3 0 0.152952 9.01118 58.9153
50 70 0 1.3 0.163583 9.87192 60.3479
50 70 1.3 2.4 0.14126 4.34866 30.7847
70 100 -2.4 -1.3 0.143306 3.75382 26.1945
70 100 -1.3 0 0.13248 6.51281 49.1608
70 100 0 1.3 0.160774 7.899 49.131
70 100 1.3 2.4 0.130975 3.32283 25.3699
100 140 -2.4 -1.3 0.231627 4.24838 18.3415
100 140 -1.3 0 0.163751 5.59287 34.1548
100 140 0 1.3 0.128802 4.47835 34.7692
100 140 1.3 2.4 0.147334 2.30534 15.647
140 200 -2.4 -1.3 0.134116 1.18823 8.85977
140 200 -1.3 0 0.155608 3.97893 25.5701
140 200 0 1.3 0.143783 3.4995 24.3387
140 200 1.3 2.4 0.128345 1.1718 9.13014
200 300 -2.4 -1.3 0.128931 0.697433 5.40937
200 300 -1.3 0 0.161527 2.35517 14.5807
200 300 0 1.3 0.179495 2.50861 13.976
200 300 1.3 2.4 0.125311 0.655023 5.22719
300 600 -2.4 -1.3 0.278188 0.414532 1.49012
300 600 -1.3 0 0.222071 1.43103 6.44402
300 600 0 1.3 0.220677 1.2218 5.5366
300 600 1.3 2.4 0.147723 0.278542 1.88557
600 1000 -2.4 -1.3 0.019571 0.000537936 0.0274864
600 1000 -1.3 0 0.245727 0.208716 0.849379
600 1000 0 1.3 0.26 0.207323 0.797394
600 1000 1.3 2.4 0.772018 0.0361339 0.0468046
