30 50 -2.4 -1.3 0.753973 25.406 33.6961
30 50 -1.3 0 0.802472 44.9658 56.0341
30 50 0 1.3 0.752371 42.6375 56.6708
30 50 1.3 2.4 0.716152 25.0038 34.9141
50 70 -2.4 -1.3 0.740702 12.4496 16.8079
50 70 -1.3 0 0.812489 22.7286 27.974
50 70 0 1.3 0.809964 22.6741 27.994
50 70 1.3 2.4 0.708702 9.88306 13.9453
70 100 -2.4 -1.3 0.746711 8.15407 10.92
70 100 -1.3 0 0.833063 19.9004 23.8882
70 100 0 1.3 0.760972 19.0676 25.0569
70 100 1.3 2.4 0.783998 11.2839 14.3928
100 140 -2.4 -1.3 0.76238 6.02926 7.90847
100 140 -1.3 0 0.781775 14.1177 18.0585
100 140 0 1.3 0.743261 10.5642 14.2134
100 140 1.3 2.4 0.684915 8.14438 11.8911
140 200 -2.4 -1.3 0.863868 5.05048 5.84635
140 200 -1.3 0 0.796062 9.63246 12.1001
140 200 0 1.3 0.702217 7.5298 10.7229
140 200 1.3 2.4 0.681132 3.9215 5.75733
200 300 -2.4 -1.3 0.716972 0.833479 1.1625
200 300 -1.3 0 0.806209 4.99228 6.19229
200 300 0 1.3 0.835042 6.92912 8.29794
200 300 1.3 2.4 0.616353 1.30995 2.12532
300 600 -2.4 -1.3 0.780155 0.606039 0.776819
300 600 -1.3 0 0.881223 2.10088 2.38405
300 600 0 1.3 0.867512 1.97483 2.27643
300 600 1.3 2.4 0.891157 0.527794 0.592257
600 1000 -2.4 -1.3 -3.14594 -9.21509e-05 2.92921e-05
600 1000 -1.3 0 0.932972 0.201916 0.216422
600 1000 0 1.3 0.54576 0.165898 0.303976
600 1000 1.3 2.4 0.079983 0.000177264 0.00221627
