30 50 -2.4 -1.3 0.458202 33.3815 72.8532
30 50 -1.3 0 0.427583 46.8752 109.628
30 50 0 1.3 0.447756 53.6755 119.877
30 50 1.3 2.4 0.456594 33.8223 74.0752
50 70 -2.4 -1.3 0.393886 14.6561 37.2089
50 70 -1.3 0 0.412145 24.2816 58.9153
50 70 0 1.3 0.381684 23.0339 60.3479
50 70 1.3 2.4 0.442812 13.6318 30.7847
70 100 -2.4 -1.3 0.407224 10.667 26.1945
70 100 -1.3 0 0.401561 19.741 49.1608
70 100 0 1.3 0.421057 20.6869 49.131
70 100 1.3 2.4 0.431951 10.9586 25.3699
100 140 -2.4 -1.3 0.451743 8.28562 18.3415
100 140 -1.3 0 0.400867 13.6915 34.1548
100 140 0 1.3 0.380631 13.2342 34.7692
100 140 1.3 2.4 0.394638 6.17491 15.647
140 200 -2.4 -1.3 0.440693 3.90444 8.85977
140 200 -1.3 0 0.388439 9.93244 25.5701
140 200 0 1.3 0.386484 9.40654 24.3387
140 200 1.3 2.4 0.384066 3.50658 9.13014
200 300 -2.4 -1.3 0.415122 2.24555 5.40937
200 300 -1.3 0 0.419796 6.12093 14.5807
200 300 0 1.3 0.471434 6.58876 13.976
200 300 1.3 2.4 0.524193 2.74006 5.22719
300 600 -2.4 -1.3 0.612817 0.913168 1.49012
300 600 -1.3 0 0.511131 3.29374 6.44402
300 600 0 1.3 0.522165 2.89102 5.5366
300 600 1.3 2.4 0.49937 0.941594 1.88557
600 1000 -2.4 -1.3 0.597423 0.016421 0.0274864
600 1000 -1.3 0 0.617019 0.524084 0.849379
600 1000 0 1.3 0.60482 0.48228 0.797394
600 1000 1.3 2.4 0.947883 0.0443652 0.0468046
