30 50 -2.4 -1.3 0.176532 32.9162 186.46
30 50 -1.3 0 0.167091 47.999 287.263
30 50 0 1.3 0.179908 49.6129 275.768
30 50 1.3 2.4 0.159694 27.1765 170.179
50 70 -2.4 -1.3 0.147863 12.3385 83.4455
50 70 -1.3 0 0.157566 23.0126 146.05
50 70 0 1.3 0.14624 21.9924 150.385
50 70 1.3 2.4 0.154214 13.6449 88.48
70 100 -2.4 -1.3 0.162195 10.6519 65.6738
70 100 -1.3 0 0.133156 17.9784 135.017
70 100 0 1.3 0.147623 18.34 124.236
70 100 1.3 2.4 0.134011 9.21869 68.7906
100 140 -2.4 -1.3 0.119958 4.79608 39.9812
100 140 -1.3 0 0.136343 11.5222 84.5094
100 140 0 1.3 0.131965 11.8291 89.6379
100 140 1.3 2.4 0.157841 5.87001 37.1895
140 200 -2.4 -1.3 0.155799 3.79352 24.3488
140 200 -1.3 0 0.176933 10.8338 61.2311
140 200 0 1.3 0.151061 10.0092 66.2589
140 200 1.3 2.4 0.147479 3.2951 22.3428
200 300 -2.4 -1.3 0.141285 1.93698 13.7097
200 300 -1.3 0 0.122983 4.40347 35.8056
200 300 0 1.3 0.139974 5.186 37.0498
200 300 1.3 2.4 0.232276 2.93772 12.6475
300 600 -2.4 -1.3 0.127583 0.494478 3.87572
300 600 -1.3 0 0.215369 3.18042 14.7673
300 600 0 1.3 0.261612 3.75639 14.3587
300 600 1.3 2.4 0.107704 0.562465 5.22231
600 1000 -2.4 -1.3 0.924923 0.141448 0.15293
600 1000 -1.3 0 0.280523 0.503494 1.79484
600 1000 0 1.3 0.450261 0.863182 1.91707
600 1000 1.3 2.4 0.0819186 0.00461559 0.0563436
