30 50 -2.4 -1.3 0.0206489 16.4313 795.745
30 50 -1.3 0 0.0103195 12.7918 1239.58
30 50 0 1.3 0.013173 16.8027 1275.54
30 50 1.3 2.4 0.0252627 19.7228 780.71
50 70 -2.4 -1.3 0.0194029 6.77559 349.206
50 70 -1.3 0 0.0112351 6.65282 592.146
50 70 0 1.3 0.0118439 7.06647 596.634
50 70 1.3 2.4 0.0192214 6.58764 342.723
70 100 -2.4 -1.3 0.0141428 3.70342 261.86
70 100 -1.3 0 0.00970911 4.78752 493.096
70 100 0 1.3 0.00791481 3.9294 496.461
70 100 1.3 2.4 0.0143233 3.59992 251.333
100 140 -2.4 -1.3 0.0144857 2.48249 171.375
100 140 -1.3 0 0.00711037 2.57537 362.2
100 140 0 1.3 0.0091161 3.22423 353.686
100 140 1.3 2.4 0.0196705 3.31883 168.721
140 200 -2.4 -1.3 0.0120525 1.54427 128.129
140 200 -1.3 0 0.0107248 2.87792 268.341
140 200 0 1.3 0.0107947 2.89749 268.418
140 200 1.3 2.4 0.0176267 2.1071 119.54
200 300 -2.4 -1.3 0.0219329 1.39401 63.558
200 300 -1.3 0 0.00963529 1.41534 146.892
200 300 0 1.3 0.0089893 1.31183 145.933
200 300 1.3 2.4 0.0157551 1.04389 66.2572
300 600 -2.4 -1.3 0.0454625 1.23057 27.0678
300 600 -1.3 0 0.0245958 1.74093 70.7816
300 600 0 1.3 0.0216961 1.48404 68.4011
300 600 1.3 2.4 0.0622054 1.55069 24.9285
600 1000 -2.4 -1.3 0.105012 0.123782 1.17874
600 1000 -1.3 0 0.0519352 0.358766 6.90796
600 1000 0 1.3 0.065468 0.473691 7.23545
600 1000 1.3 2.4 0.137554 0.139461 1.01386
