30 50 -2.4 -1.3 0.431423 36.8053 85.3113
30 50 -1.3 0 0.442275 58.5608 132.408
30 50 0 1.3 0.409839 51.3395 125.268
30 50 1.3 2.4 0.441733 36.3083 82.1952
50 70 -2.4 -1.3 0.352666 14.0373 39.8033
50 70 -1.3 0 0.397256 25.9892 65.4217
50 70 0 1.3 0.377643 27.1956 72.014
50 70 1.3 2.4 0.409935 13.5024 32.9379
70 100 -2.4 -1.3 0.379346 10.2472 27.0128
70 100 -1.3 0 0.392531 23.3415 59.4642
70 100 0 1.3 0.406646 23.8295 58.6002
70 100 1.3 2.4 0.362138 10.9074 30.1196
100 140 -2.4 -1.3 0.429956 8.15807 18.9742
100 140 -1.3 0 0.368619 14.0987 38.2473
100 140 0 1.3 0.406739 15.8415 38.9475
100 140 1.3 2.4 0.345579 6.34162 18.3507
140 200 -2.4 -1.3 0.446325 4.98057 11.1591
140 200 -1.3 0 0.369616 10.0515 27.1944
140 200 0 1.3 0.359431 9.33252 25.9647
140 200 1.3 2.4 0.405837 4.42147 10.8947
200 300 -2.4 -1.3 0.458814 2.3611 5.14609
200 300 -1.3 0 0.375905 5.38221 14.318
200 300 0 1.3 0.446674 6.70645 15.0142
200 300 1.3 2.4 0.454357 2.31944 5.10488
300 600 -2.4 -1.3 0.313944 1.02537 3.26608
300 600 -1.3 0 0.468444 3.45732 7.38043
300 600 0 1.3 0.529134 4.19437 7.92685
300 600 1.3 2.4 0.47643 0.656579 1.37812
600 1000 -2.4 -1.3 0.645964 0.0384139 0.0594676
600 1000 -1.3 0 0.330567 0.200058 0.605197
600 1000 0 1.3 0.735018 0.714196 0.971671
600 1000 1.3 2.4 0.979189 0.0934821 0.0954689
