30 50 -2.4 -1.3 0.512294 136.844 267.121
30 50 -1.3 0 0.490929 201.602 410.654
30 50 0 1.3 0.470386 194.62 413.745
30 50 1.3 2.4 0.48322 125.113 258.914
50 70 -2.4 -1.3 0.458062 53.9563 117.793
50 70 -1.3 0 0.455435 101.935 223.818
50 70 0 1.3 0.445716 94.6185 212.284
50 70 1.3 2.4 0.468925 56.7898 121.106
70 100 -2.4 -1.3 0.485074 44.3953 91.5227
70 100 -1.3 0 0.429879 76.4837 177.919
70 100 0 1.3 0.470471 88.1254 187.313
70 100 1.3 2.4 0.438822 40.6926 92.7316
100 140 -2.4 -1.3 0.440956 24.9825 56.6554
100 140 -1.3 0 0.42653 53.7959 126.124
100 140 0 1.3 0.451088 57.7989 128.132
100 140 1.3 2.4 0.451215 25.5081 56.5321
140 200 -2.4 -1.3 0.423326 15.5616 36.7604
140 200 -1.3 0 0.439502 42.9165 97.6479
140 200 0 1.3 0.412215 36.2254 87.8797
140 200 1.3 2.4 0.451594 17.3681 38.4596
200 300 -2.4 -1.3 0.451899 7.44903 16.4838
200 300 -1.3 0 0.470401 24.0479 51.1222
200 300 0 1.3 0.481448 23.9103 49.6633
200 300 1.3 2.4 0.495305 8.28814 16.7334
300 600 -2.4 -1.3 0.678427 4.80855 7.0878
300 600 -1.3 0 0.58036 11.4304 19.6953
300 600 0 1.3 0.51736 13.9543 26.972
300 600 1.3 2.4 0.55343 3.9235 7.08942
600 1000 -2.4 -1.3 0.882235 0.219563 0.248872
600 1000 -1.3 0 0.757949 1.31098 1.72965
600 1000 0 1.3 0.668712 2.25923 3.37848
600 1000 1.3 2.4 0.898046 0.18884 0.210279
