30 50 -2.4 -1.3 0.901946 89.1594 98.8522
30 50 -1.3 0 0.892718 130.32 145.981
30 50 0 1.3 0.915037 131.468 143.675
30 50 1.3 2.4 0.88556 92.2082 104.124
50 70 -2.4 -1.3 0.905157 43.1762 47.7002
50 70 -1.3 0 0.906223 78.7419 86.8903
50 70 0 1.3 0.902466 70.6259 78.2588
50 70 1.3 2.4 0.89964 54.4585 60.5337
70 100 -2.4 -1.3 0.909559 45.2499 49.7493
70 100 -1.3 0 0.874407 57.0952 65.2959
70 100 0 1.3 0.913169 63.8203 69.8888
70 100 1.3 2.4 0.87828 33.5233 38.1692
100 140 -2.4 -1.3 0.901484 21.5208 23.8727
100 140 -1.3 0 0.912048 38.0384 41.7066
100 140 0 1.3 0.927102 46.3387 49.9822
100 140 1.3 2.4 0.893771 22.1696 24.8045
140 200 -2.4 -1.3 0.881249 14.0692 15.9651
140 200 -1.3 0 0.944364 36.887 39.0602
140 200 0 1.3 0.908062 29.3572 32.3295
140 200 1.3 2.4 0.921025 17.6207 19.1316
200 300 -2.4 -1.3 0.870014 5.33866 6.13629
200 300 -1.3 0 0.892321 15.5951 17.477
200 300 0 1.3 0.915187 17.8896 19.5475
200 300 1.3 2.4 0.790515 5.76427 7.29179
300 600 -2.4 -1.3 0.882754 2.71736 3.07828
300 600 -1.3 0 0.905461 6.542 7.22504
300 600 0 1.3 0.952489 9.153 9.60956
300 600 1.3 2.4 0.943302 3.43405 3.64046
600 1000 -2.4 -1.3 0.999542 0.670007 0.670314
600 1000 -1.3 0 0.999056 0.516243 0.516731
600 1000 0 1.3 0.81207 0.280411 0.345304
600 1000 1.3 2.4 0.984474 0.198888 0.202025
