30 50 -2.4 -1.3 0.635281 18.2437 28.7175
30 50 -1.3 0 0.743354 29.3339 39.4616
30 50 0 1.3 0.745716 30.6616 41.117
30 50 1.3 2.4 0.667053 17.401 26.0863
50 70 -2.4 -1.3 0.693345 8.696 12.5421
50 70 -1.3 0 0.761355 17.2685 22.6813
50 70 0 1.3 0.807001 18.6073 23.0574
50 70 1.3 2.4 0.752736 10.6014 14.0838
70 100 -2.4 -1.3 0.678117 6.58972 9.71767
70 100 -1.3 0 0.723811 13.293 18.3653
70 100 0 1.3 0.80937 16.8541 20.8237
70 100 1.3 2.4 0.702013 6.33381 9.02235
100 140 -2.4 -1.3 0.726868 6.14581 8.45519
100 140 -1.3 0 0.793313 10.5771 13.3329
100 140 0 1.3 0.775151 10.6912 13.7924
100 140 1.3 2.4 0.74728 5.24222 7.01507
140 200 -2.4 -1.3 0.800958 3.20735 4.00439
140 200 -1.3 0 0.79504 7.43088 9.34655
140 200 0 1.3 0.787168 6.90239 8.76865
140 200 1.3 2.4 0.808443 3.00348 3.71514
200 300 -2.4 -1.3 0.820494 1.67453 2.04088
200 300 -1.3 0 0.664325 3.81182 5.73788
200 300 0 1.3 0.779017 3.94475 5.06375
200 300 1.3 2.4 0.812826 1.07924 1.32776
300 600 -2.4 -1.3 0.563013 0.396353 0.703984
300 600 -1.3 0 0.735271 1.20677 1.64126
300 600 0 1.3 0.752072 1.61606 2.14881
300 600 1.3 2.4 0.791815 0.903385 1.14091
600 1000 -2.4 -1.3 0.0619489 0.000756775 0.0122161
600 1000 -1.3 0 0.943383 0.194426 0.206094
600 1000 0 1.3 0.187661 0.01969 0.104923
600 1000 1.3 2.4 0.316337 0.033052 0.104484
