30 50 -2.4 -1.3 0.0166612 48.5947 2916.65
30 50 -1.3 0 0.0100068 46.5097 4647.81
30 50 0 1.3 0.0117914 54.2684 4602.39
30 50 1.3 2.4 0.0165073 47.7159 2890.6
50 70 -2.4 -1.3 0.0173529 23.2421 1339.38
50 70 -1.3 0 0.0105006 23.1906 2208.5
50 70 0 1.3 0.0116996 26.068 2228.11
50 70 1.3 2.4 0.0152687 19.3475 1267.14
70 100 -2.4 -1.3 0.011928 11.8774 995.756
70 100 -1.3 0 0.00841767 15.5036 1841.79
70 100 0 1.3 0.00821317 14.9768 1823.51
70 100 1.3 2.4 0.0125463 12.3915 987.663
100 140 -2.4 -1.3 0.0136328 8.98492 659.065
100 140 -1.3 0 0.00685257 9.34145 1363.2
100 140 0 1.3 0.0056721 7.56154 1333.11
100 140 1.3 2.4 0.0110323 7.47073 677.168
140 200 -2.4 -1.3 0.0116531 5.61252 481.631
140 200 -1.3 0 0.00689929 6.7614 980.013
140 200 0 1.3 0.0068321 6.57227 961.97
140 200 1.3 2.4 0.0162996 7.82241 479.913
200 300 -2.4 -1.3 0.0116915 2.86313 244.889
200 300 -1.3 0 0.00891959 4.97152 557.371
200 300 0 1.3 0.0105244 5.57514 529.735
200 300 1.3 2.4 0.0103831 2.48636 239.462
300 600 -2.4 -1.3 0.0294511 2.65904 90.2869
300 600 -1.3 0 0.0233885 5.89496 252.045
300 600 0 1.3 0.016217 4.18748 258.215
300 600 1.3 2.4 0.0260267 2.32371 89.2818
600 1000 -2.4 -1.3 0.0167301 0.0644939 3.85497
600 1000 -1.3 0 0.0687328 1.71593 24.9652
600 1000 0 1.3 0.0916337 2.39765 26.1655
600 1000 1.3 2.4 0.228396 0.944511 4.13541
