30 50 -2.4 -1.3 0.827653 23.7681 28.7175
30 50 -1.3 0 0.867286 34.2245 39.4616
30 50 0 1.3 0.871336 35.8268 41.117
30 50 1.3 2.4 0.865851 22.5869 26.0863
50 70 -2.4 -1.3 0.833319 10.4516 12.5421
50 70 -1.3 0 0.879611 19.9507 22.6813
50 70 0 1.3 0.914413 21.0839 23.0574
50 70 1.3 2.4 0.885963 12.4777 14.0838
70 100 -2.4 -1.3 0.8839 8.58945 9.71767
70 100 -1.3 0 0.808929 14.8563 18.3653
70 100 0 1.3 0.879337 18.311 20.8237
70 100 1.3 2.4 0.867408 7.82605 9.02235
100 140 -2.4 -1.3 0.851351 7.19834 8.45519
100 140 -1.3 0 0.875392 11.6715 13.3329
100 140 0 1.3 0.855033 11.7929 13.7924
100 140 1.3 2.4 0.858768 6.02431 7.01507
140 200 -2.4 -1.3 0.882166 3.53253 4.00439
140 200 -1.3 0 0.888581 8.30517 9.34655
140 200 0 1.3 0.889172 7.79683 8.76865
140 200 1.3 2.4 0.923303 3.4302 3.71514
200 300 -2.4 -1.3 0.925579 1.889 2.04088
200 300 -1.3 0 0.743601 4.26669 5.73788
200 300 0 1.3 0.83571 4.23182 5.06375
200 300 1.3 2.4 0.929009 1.2335 1.32776
300 600 -2.4 -1.3 0.945335 0.665501 0.703984
300 600 -1.3 0 0.892605 1.465 1.64126
300 600 0 1.3 0.831541 1.78682 2.14881
300 600 1.3 2.4 0.872565 0.995514 1.14091
600 1000 -2.4 -1.3 0.0625823 0.000764513 0.0122161
600 1000 -1.3 0 0.992417 0.204531 0.206094
600 1000 0 1.3 0.855161 0.0897263 0.104923
600 1000 1.3 2.4 0.993321 0.103786 0.104484
