30 50 -2.4 -1.3 0.140224 6.77034 48.2824
30 50 -1.3 0 0.157182 11.7105 74.503
30 50 0 1.3 0.175296 12.9746 74.0156
30 50 1.3 2.4 0.157465 8.07237 51.2645
50 70 -2.4 -1.3 0.153154 3.69261 24.1104
50 70 -1.3 0 0.1567 5.62731 35.9113
50 70 0 1.3 0.174572 6.40326 36.6798
50 70 1.3 2.4 0.136035 3.45362 25.3878
70 100 -2.4 -1.3 0.169706 3.42069 20.1565
70 100 -1.3 0 0.16447 5.10364 31.0308
70 100 0 1.3 0.136797 4.20837 30.7635
70 100 1.3 2.4 0.141685 2.84689 20.0931
100 140 -2.4 -1.3 0.137411 2.03921 14.8402
100 140 -1.3 0 0.159631 3.80734 23.8508
100 140 0 1.3 0.159599 3.68689 23.101
100 140 1.3 2.4 0.167833 2.25672 13.4462
140 200 -2.4 -1.3 0.149386 1.50963 10.1055
140 200 -1.3 0 0.176274 3.46441 19.6536
140 200 0 1.3 0.158455 2.81914 17.7914
140 200 1.3 2.4 0.140112 1.39011 9.92147
200 300 -2.4 -1.3 0.166319 1.09819 6.60291
200 300 -1.3 0 0.196539 2.52562 12.8504
200 300 0 1.3 0.194782 2.33436 11.9844
200 300 1.3 2.4 0.199744 1.34794 6.74837
300 600 -2.4 -1.3 0.265163 0.799888 3.01659
300 600 -1.3 0 0.190526 1.48099 7.77318
300 600 0 1.3 0.212266 1.61903 7.62737
300 600 1.3 2.4 0.166377 0.468138 2.81371
600 1000 -2.4 -1.3 0.202775 0.066789 0.329376
600 1000 -1.3 0 0.256272 0.265045 1.03423
600 1000 0 1.3 0.231061 0.2083 0.901492
600 1000 1.3 2.4 0.0841934 0.0368886 0.438142
