30 50 -2.4 -1.3 0.224437 826.287 3681.6
30 50 -1.3 0 0.337138 2074.27 6152.58
30 50 0 1.3 0.335714 2068.31 6160.94
30 50 1.3 2.4 0.221702 812.373 3664.25
50 70 -2.4 -1.3 0.304939 617.47 2024.9
50 70 -1.3 0 0.440167 1642.78 3732.18
50 70 0 1.3 0.441865 1652.02 3738.73
50 70 1.3 2.4 0.302101 616.967 2042.25
70 100 -2.4 -1.3 0.342872 585.897 1708.79
70 100 -1.3 0 0.499352 1737.17 3478.84
70 100 0 1.3 0.491726 1709.59 3476.71
70 100 1.3 2.4 0.3392 588.568 1735.16
100 140 -2.4 -1.3 0.363025 428.579 1180.58
100 140 -1.3 0 0.52661 1331.19 2527.85
100 140 0 1.3 0.525445 1316.23 2504.98
100 140 1.3 2.4 0.356157 419.675 1178.34
140 200 -2.4 -1.3 0.33877 261.399 771.61
140 200 -1.3 0 0.519595 903.213 1738.3
140 200 0 1.3 0.514492 904.117 1757.3
140 200 1.3 2.4 0.336218 260.341 774.321
200 300 -2.4 -1.3 0.263597 108.037 409.856
200 300 -1.3 0 0.450148 416.9 926.141
200 300 0 1.3 0.447296 419.266 937.333
200 300 1.3 2.4 0.258279 105.623 408.949
300 600 -2.4 -1.3 0.190502 34.8081 182.718
300 600 -1.3 0 0.337267 142.393 422.197
300 600 0 1.3 0.334092 141.314 422.98
300 600 1.3 2.4 0.18439 32.6198 176.906
600 1000 -2.4 -1.3 0.203232 2.51032 12.352
600 1000 -1.3 0 0.28 12.2803 43.8582
600 1000 0 1.3 0.270333 12.2046 45.1465
600 1000 1.3 2.4 0.177751 2.04272 11.492
