30 50 -2.4 -1.3 0.737573 772.281 1047.06
30 50 -1.3 0 0.78782 2014.57 2557.14
30 50 0 1.3 0.780085 2019.09 2588.29
30 50 1.3 2.4 0.72987 764.771 1047.82
50 70 -2.4 -1.3 0.762999 594.011 778.522
50 70 -1.3 0 0.814188 1621.98 1992.14
50 70 0 1.3 0.808437 1596 1974.18
50 70 1.3 2.4 0.756999 592.641 782.881
70 100 -2.4 -1.3 0.776208 580.991 748.499
70 100 -1.3 0 0.831786 1703.71 2048.25
70 100 0 1.3 0.828423 1701.77 2054.23
70 100 1.3 2.4 0.769844 582.996 757.291
100 140 -2.4 -1.3 0.792455 420.632 530.796
100 140 -1.3 0 0.844854 1320.27 1562.72
100 140 0 1.3 0.837176 1292 1543.29
100 140 1.3 2.4 0.788341 410.451 520.652
140 200 -2.4 -1.3 0.804382 245.976 305.795
140 200 -1.3 0 0.851588 882.518 1036.32
140 200 0 1.3 0.849546 877.463 1032.86
140 200 1.3 2.4 0.796545 252.614 317.138
200 300 -2.4 -1.3 0.790394 99.4899 125.874
200 300 -1.3 0 0.855113 407.783 476.876
200 300 0 1.3 0.850775 404.234 475.136
200 300 1.3 2.4 0.795576 104.371 131.189
300 600 -2.4 -1.3 0.802854 28.9384 36.0444
300 600 -1.3 0 0.827818 128.071 154.71
300 600 0 1.3 0.83026 132.141 159.156
300 600 1.3 2.4 0.789933 28.3054 35.8326
600 1000 -2.4 -1.3 0.831482 1.42603 1.71505
600 1000 -1.3 0 0.83414 8.522 10.2165
600 1000 0 1.3 0.795897 9.40389 11.8155
600 1000 1.3 2.4 0.80559 1.32141 1.64031
