30 50 -2.4 -1.3 0.208675 136.677 654.977
30 50 -1.3 0 0.336269 489.573 1455.9
30 50 0 1.3 0.338176 496.099 1466.98
30 50 1.3 2.4 0.210857 137.486 652.034
50 70 -2.4 -1.3 0.285392 157.075 550.384
50 70 -1.3 0 0.429317 441.466 1028.3
50 70 0 1.3 0.425301 430.563 1012.37
50 70 1.3 2.4 0.281599 155.783 553.208
70 100 -2.4 -1.3 0.334813 156.317 466.878
70 100 -1.3 0 0.491905 468.423 952.263
70 100 0 1.3 0.485636 456.881 940.789
70 100 1.3 2.4 0.3332 154.327 463.166
100 140 -2.4 -1.3 0.352783 113.951 323.004
100 140 -1.3 0 0.508018 351.882 692.657
100 140 0 1.3 0.510846 360.142 704.991
100 140 1.3 2.4 0.348075 110.332 316.977
140 200 -2.4 -1.3 0.330452 69.5755 210.546
140 200 -1.3 0 0.497767 238.791 479.726
140 200 0 1.3 0.50524 246.368 487.627
140 200 1.3 2.4 0.329231 68.0283 206.628
200 300 -2.4 -1.3 0.277016 31.9692 115.406
200 300 -1.3 0 0.435872 112.358 257.777
200 300 0 1.3 0.432631 112.337 259.661
200 300 1.3 2.4 0.270706 29.3051 108.255
300 600 -2.4 -1.3 0.185638 8.67756 46.7444
300 600 -1.3 0 0.321855 36.7568 114.203
300 600 0 1.3 0.31881 37.8969 118.87
300 600 1.3 2.4 0.199778 9.65791 48.3432
600 1000 -2.4 -1.3 0.218285 0.675065 3.09259
600 1000 -1.3 0 0.267298 2.90085 10.8525
600 1000 0 1.3 0.305513 3.43193 11.2333
600 1000 1.3 2.4 0.238487 0.716817 3.00568
