30 50 -2.4 -1.3 0.12647 1.83152 14.4818
30 50 -1.3 0 0.143996 3.82433 26.5585
30 50 0 1.3 0.152165 4.70352 30.9106
30 50 1.3 2.4 0.104747 1.73108 16.5263
50 70 -2.4 -1.3 0.110297 1.17737 10.6745
50 70 -1.3 0 0.113062 1.61625 14.2952
50 70 0 1.3 0.115463 1.75652 15.2128
50 70 1.3 2.4 0.127585 1.20007 9.40602
70 100 -2.4 -1.3 0.127655 0.99288 7.77784
70 100 -1.3 0 0.148702 2.48647 16.7212
70 100 0 1.3 0.131191 1.7858 13.6122
70 100 1.3 2.4 0.0940864 0.898381 9.54847
100 140 -2.4 -1.3 0.0969754 0.626357 6.45892
100 140 -1.3 0 0.118017 1.16424 9.86502
100 140 0 1.3 0.100666 1.04117 10.3428
100 140 1.3 2.4 0.123475 0.833864 6.75328
140 200 -2.4 -1.3 0.141679 0.574249 4.05317
140 200 -1.3 0 0.128482 0.919041 7.15306
140 200 0 1.3 0.0807819 0.641354 7.93932
140 200 1.3 2.4 0.126702 0.519536 4.10047
200 300 -2.4 -1.3 0.237846 0.672113 2.82584
200 300 -1.3 0 0.152473 0.831933 5.45627
200 300 0 1.3 0.152075 0.972426 6.39439
200 300 1.3 2.4 0.15492 0.447756 2.89024
300 600 -2.4 -1.3 0.118031 0.202343 1.71432
300 600 -1.3 0 0.219814 0.883839 4.02085
300 600 0 1.3 0.193809 0.778128 4.01492
300 600 1.3 2.4 0.254654 0.375358 1.47399
600 1000 -2.4 -1.3 nan 0 0
600 1000 -1.3 0 0 0 0.457824
600 1000 0 1.3 0.0886985 0.0480627 0.541866
600 1000 1.3 2.4 0 0 0.0472328
