30 50 -2.4 -1.3 0.222413 580.752 2611.14
30 50 -1.3 0 0.336617 1455.46 4323.78
30 50 0 1.3 0.335966 1456.92 4336.5
30 50 1.3 2.4 0.221602 574.057 2590.49
50 70 -2.4 -1.3 0.298164 426.382 1430.03
50 70 -1.3 0 0.437649 1152.34 2633.02
50 70 0 1.3 0.435153 1148.2 2638.61
50 70 1.3 2.4 0.301355 431.43 1431.63
70 100 -2.4 -1.3 0.340131 408.116 1199.88
70 100 -1.3 0 0.496463 1206.08 2429.35
70 100 0 1.3 0.491433 1192.27 2426.1
70 100 1.3 2.4 0.338317 408.659 1207.92
100 140 -2.4 -1.3 0.357421 290.058 811.529
100 140 -1.3 0 0.525526 931.404 1772.33
100 140 0 1.3 0.519887 926.004 1781.16
100 140 1.3 2.4 0.360344 287.848 798.816
140 200 -2.4 -1.3 0.339147 180.951 533.549
140 200 -1.3 0 0.519725 631.16 1214.41
140 200 0 1.3 0.514234 632.786 1230.54
140 200 1.3 2.4 0.336011 172.677 513.902
200 300 -2.4 -1.3 0.269513 74.0971 274.929
200 300 -1.3 0 0.4534 300.815 663.465
200 300 0 1.3 0.453313 293.449 647.344
200 300 1.3 2.4 0.26656 73.4295 275.471
300 600 -2.4 -1.3 0.19181 22.9283 119.537
300 600 -1.3 0 0.338551 100.573 297.07
300 600 0 1.3 0.328629 97.8347 297.706
300 600 1.3 2.4 0.176705 21.4558 121.421
600 1000 -2.4 -1.3 0.135688 1.19156 8.78162
600 1000 -1.3 0 0.253232 7.51825 29.6892
600 1000 0 1.3 0.267524 7.93792 29.6718
600 1000 1.3 2.4 0.159799 1.21144 7.58102
