30 50 -2.4 -1.3 0.201006 151.118 751.807
30 50 -1.3 0 0.32988 554.623 1681.29
30 50 0 1.3 0.331176 555.632 1677.76
30 50 1.3 2.4 0.207077 157.196 759.119
50 70 -2.4 -1.3 0.285522 176.792 619.188
50 70 -1.3 0 0.423235 495.377 1170.45
50 70 0 1.3 0.421063 489.205 1161.83
50 70 1.3 2.4 0.281702 174.764 620.388
70 100 -2.4 -1.3 0.315597 167.136 529.586
70 100 -1.3 0 0.478646 513.387 1072.58
70 100 0 1.3 0.479984 520.809 1085.06
70 100 1.3 2.4 0.329979 174.429 528.606
100 140 -2.4 -1.3 0.326201 119.211 365.453
100 140 -1.3 0 0.502288 400.958 798.262
100 140 0 1.3 0.508598 410.803 807.717
100 140 1.3 2.4 0.339928 122.271 359.698
140 200 -2.4 -1.3 0.334683 79.7796 238.373
140 200 -1.3 0 0.490911 271.541 553.138
140 200 0 1.3 0.493159 275.44 558.523
140 200 1.3 2.4 0.320283 75.8735 236.896
200 300 -2.4 -1.3 0.268016 34.8434 130.005
200 300 -1.3 0 0.426944 123.41 289.053
200 300 0 1.3 0.430955 127.871 296.715
200 300 1.3 2.4 0.252141 31.4863 124.876
300 600 -2.4 -1.3 0.212269 12.25 57.7097
300 600 -1.3 0 0.325789 42.8324 131.473
300 600 0 1.3 0.325447 45.3511 139.35
300 600 1.3 2.4 0.187714 10.6672 56.8268
600 1000 -2.4 -1.3 0.184307 0.719865 3.90579
600 1000 -1.3 0 0.267449 3.83534 14.3404
600 1000 0 1.3 0.27275 3.48001 12.759
600 1000 1.3 2.4 0.231949 0.716922 3.09086
