-2.5 -1.3 30 70 0.720073 0.00391581 0.00391581
-2.5 -1.3 70 100 0.731503 0.0048808 0.0048808
-2.5 -1.3 100 140 0.732069 0.0075862 0.0075862
-2.5 -1.3 140 200 0.732389 0.0105578 0.0105578
-2.5 -1.3 200 300 0.707357 0.0275835 0.0275835
-2.5 -1.3 300 600 0.727546 0.0314824 0.0314824
-2.5 -1.3 600 1000 0.470522 0.17359 0.17359
-1.3 0 30 70 0.799016 0.00247434 0.00247434
-1.3 0 70 100 0.809532 0.00306175 0.00306175
-1.3 0 100 140 0.810554 0.00466458 0.00466458
-1.3 0 140 200 0.822958 0.00648665 0.00648665
-1.3 0 200 300 0.811911 0.0096058 0.0096058
-1.3 0 300 600 0.819282 0.0138661 0.0138661
-1.3 0 600 1000 0.753684 0.0613833 0.0613833
0 1.3 30 70 0.801501 0.00252599 0.00252599
0 1.3 70 100 0.811092 0.00309807 0.00309807
0 1.3 100 140 0.812228 0.00428019 0.00428019
0 1.3 140 200 0.818895 0.00595093 0.00595093
0 1.3 200 300 0.798208 0.0121831 0.0121831
0 1.3 300 600 0.780053 0.0152357 0.0152357
0 1.3 600 1000 0.76334 0.0658406 0.0658406
1.3 2.5 30 70 0.712671 0.00364482 0.00364482
1.3 2.5 70 100 0.738998 0.0048532 0.0048532
1.3 2.5 100 140 0.743173 0.00698327 0.00698327
1.3 2.5 140 200 0.73484 0.013535 0.013535
1.3 2.5 200 300 0.741474 0.0198648 0.0198648
1.3 2.5 300 600 0.732548 0.0320992 0.0320992
1.3 2.5 600 1000 0.722752 0.209362 0.209362
