30 50 -2.4 -1.3 0.604509 5.22678 8.64632
30 50 -1.3 0 0.724654 12.5149 17.2702
30 50 0 1.3 0.689128 11.6609 16.9212
30 50 1.3 2.4 0.707291 5.61392 7.93721
50 70 -2.4 -1.3 0.627412 4.60661 7.34225
50 70 -1.3 0 0.78652 9.41968 11.9764
50 70 0 1.3 0.78428 8.40383 10.7153
50 70 1.3 2.4 0.652403 4.72412 7.24111
70 100 -2.4 -1.3 0.766749 4.15641 5.42082
70 100 -1.3 0 0.67117 7.80989 11.6362
70 100 0 1.3 0.802053 8.08292 10.0778
70 100 1.3 2.4 0.612583 2.35282 3.84082
100 140 -2.4 -1.3 0.850567 3.20513 3.76823
100 140 -1.3 0 0.812681 4.7393 5.83168
100 140 0 1.3 0.786117 5.01649 6.38135
100 140 1.3 2.4 0.656703 1.52524 2.32258
140 200 -2.4 -1.3 0.720122 1.49488 2.07588
140 200 -1.3 0 0.782272 3.98204 5.09035
140 200 0 1.3 0.705926 2.94617 4.17348
140 200 1.3 2.4 0.72886 1.79187 2.45845
200 300 -2.4 -1.3 0.767626 0.568351 0.740401
200 300 -1.3 0 0.541517 1.74499 3.22242
200 300 0 1.3 0.78847 1.7234 2.18575
200 300 1.3 2.4 0.656507 0.409386 0.623582
300 600 -2.4 -1.3 0.92322 0.156725 0.16976
300 600 -1.3 0 0.648067 0.522796 0.8067
300 600 0 1.3 0.813818 0.840175 1.03239
300 600 1.3 2.4 0.578451 0.192712 0.333152
600 1000 -2.4 -1.3 -0.0405662 -0.00278137 0.0685636
600 1000 -1.3 0 0.92393 0.144779 0.156699
600 1000 0 1.3 0.320796 0.0421658 0.131441
600 1000 1.3 2.4 0.996814 0.032473 0.0325768
