30 50 -2.4 -1.3 0.0330923 18.1467 548.366
30 50 -1.3 0 0.0273715 29.574 1080.46
30 50 0 1.3 0.0299767 33.5554 1119.38
30 50 1.3 2.4 0.0327837 17.8278 543.801
50 70 -2.4 -1.3 0.0319543 11.6262 363.838
50 70 -1.3 0 0.0302702 18.909 624.674
50 70 0 1.3 0.0332274 20.9194 629.582
50 70 1.3 2.4 0.0420908 15.1887 360.856
70 100 -2.4 -1.3 0.0298499 8.21139 275.089
70 100 -1.3 0 0.0270172 13.9357 515.807
70 100 0 1.3 0.0306775 16.0938 524.613
70 100 1.3 2.4 0.0295534 7.83978 265.275
100 140 -2.4 -1.3 0.0358005 6.50751 181.771
100 140 -1.3 0 0.0278983 10.614 380.455
100 140 0 1.3 0.0293161 11.0575 377.183
100 140 1.3 2.4 0.0436116 7.80889 179.055
140 200 -2.4 -1.3 0.0233347 3.05437 130.894
140 200 -1.3 0 0.0303859 8.56668 281.929
140 200 0 1.3 0.0286707 8.168 284.89
140 200 1.3 2.4 0.0271456 3.29743 121.472
200 300 -2.4 -1.3 0.0383638 2.59472 67.6347
200 300 -1.3 0 0.0237514 3.69935 155.753
200 300 0 1.3 0.0259074 3.93979 152.072
200 300 1.3 2.4 0.0269651 1.81595 67.3447
300 600 -2.4 -1.3 0.0590067 1.67006 28.3029
300 600 -1.3 0 0.0411187 3.04217 73.985
300 600 0 1.3 0.0401312 2.96835 73.9661
300 600 1.3 2.4 0.0710924 1.82746 25.7054
600 1000 -2.4 -1.3 0.112291 0.128692 1.14606
600 1000 -1.3 0 0.0686384 0.492896 7.18105
600 1000 0 1.3 0.0925549 0.695344 7.51277
600 1000 1.3 2.4 0.156812 0.186702 1.19061
