30 50 -2.4 -1.3 0.0344453 74.1352 2152.26
30 50 -1.3 0 0.0283574 96.0916 3388.59
30 50 0 1.3 0.0284994 96.2715 3378.02
30 50 1.3 2.4 0.0354854 76.4314 2153.88
50 70 -2.4 -1.3 0.0293052 26.9884 920.94
50 70 -1.3 0 0.0278362 44.6988 1605.78
50 70 0 1.3 0.0278821 45.7054 1639.24
50 70 1.3 2.4 0.0329461 30.571 927.909
70 100 -2.4 -1.3 0.0331718 23.9216 721.142
70 100 -1.3 0 0.0291458 39.8008 1365.58
70 100 0 1.3 0.026504 35.8187 1351.44
70 100 1.3 2.4 0.0300532 21.2829 708.174
100 140 -2.4 -1.3 0.0266948 12.8535 481.5
100 140 -1.3 0 0.0254704 25.1639 987.968
100 140 0 1.3 0.0265116 26.6463 1005.08
100 140 1.3 2.4 0.0262807 12.0198 457.362
140 200 -2.4 -1.3 0.0248206 8.43597 339.878
140 200 -1.3 0 0.025887 18.1745 702.07
140 200 0 1.3 0.0269398 18.9356 702.885
140 200 1.3 2.4 0.0277101 9.02374 325.648
200 300 -2.4 -1.3 0.0377345 6.44756 170.866
200 300 -1.3 0 0.0261903 10.0567 383.984
200 300 0 1.3 0.0288391 12.0091 416.419
200 300 1.3 2.4 0.0267977 4.60464 171.83
300 600 -2.4 -1.3 0.0341948 1.94399 56.8506
300 600 -1.3 0 0.039323 7.39226 187.988
300 600 0 1.3 0.040331 7.77874 192.872
300 600 1.3 2.4 0.0462903 2.86131 61.8123
600 1000 -2.4 -1.3 0.167849 0.366613 2.18418
600 1000 -1.3 0 0.0596275 0.958227 16.0702
600 1000 0 1.3 0.0970582 1.65871 17.0898
600 1000 1.3 2.4 0.0610394 0.169979 2.78474
