30 50 -2.4 -1.3 0.0316716 20.8176 657.294
30 50 -1.3 0 0.0282153 35.5898 1261.37
30 50 0 1.3 0.0270804 34.9555 1290.8
30 50 1.3 2.4 0.0272898 17.7173 649.228
50 70 -2.4 -1.3 0.0392837 15.9801 406.787
50 70 -1.3 0 0.0258202 17.966 695.813
50 70 0 1.3 0.0306975 21.9723 715.766
50 70 1.3 2.4 0.0335289 13.4824 402.114
70 100 -2.4 -1.3 0.0329341 9.69909 294.5
70 100 -1.3 0 0.0312028 18.2862 586.044
70 100 0 1.3 0.0284825 16.7293 587.354
70 100 1.3 2.4 0.0306421 9.45946 308.708
100 140 -2.4 -1.3 0.0317211 6.2221 196.15
100 140 -1.3 0 0.026339 11.5083 436.932
100 140 0 1.3 0.0254111 10.8754 427.98
100 140 1.3 2.4 0.0292933 6.05965 206.862
140 200 -2.4 -1.3 0.0328469 4.90079 149.201
140 200 -1.3 0 0.029815 9.26288 310.678
140 200 0 1.3 0.0291005 9.23384 317.308
140 200 1.3 2.4 0.0389011 5.65784 145.442
200 300 -2.4 -1.3 0.0387564 2.90892 75.0565
200 300 -1.3 0 0.0252542 4.40901 174.585
200 300 0 1.3 0.0296751 5.09135 171.57
200 300 1.3 2.4 0.0264298 1.98265 75.0156
300 600 -2.4 -1.3 0.0607116 1.75722 28.9438
300 600 -1.3 0 0.0458357 4.07107 88.8187
300 600 0 1.3 0.0507882 4.20013 82.6989
300 600 1.3 2.4 0.064157 1.7056 26.5848
600 1000 -2.4 -1.3 0.122624 0.134374 1.09582
600 1000 -1.3 0 0.0454597 0.649235 14.2816
600 1000 0 1.3 0.0723715 0.66643 9.20846
600 1000 1.3 2.4 0.196908 0.289667 1.47108
