30 50 -2.4 -1.3 0.639611 6.4505 10.085
30 50 -1.3 0 0.737554 17.661 23.9454
30 50 0 1.3 0.617136 15.1834 24.6029
30 50 1.3 2.4 0.549343 5.93179 10.798
50 70 -2.4 -1.3 0.740829 4.962 6.6979
50 70 -1.3 0 0.772575 9.14693 11.8395
50 70 0 1.3 0.720477 9.53385 13.2327
50 70 1.3 2.4 0.735848 5.09402 6.92266
70 100 -2.4 -1.3 0.69121 4.14042 5.99011
70 100 -1.3 0 0.700562 6.2991 8.99149
70 100 0 1.3 0.769305 8.99126 11.6875
70 100 1.3 2.4 0.683062 3.98255 5.83043
100 140 -2.4 -1.3 0.699813 2.88093 4.11672
100 140 -1.3 0 0.628833 5.03122 8.00089
100 140 0 1.3 0.729693 5.48556 7.51762
100 140 1.3 2.4 0.734671 2.25253 3.06603
140 200 -2.4 -1.3 0.600176 1.13545 1.89187
140 200 -1.3 0 0.794081 4.02893 5.0737
140 200 0 1.3 0.832473 4.24442 5.09857
140 200 1.3 2.4 0.73227 1.74054 2.37692
200 300 -2.4 -1.3 0.541474 0.402286 0.742946
200 300 -1.3 0 0.680169 2.15511 3.16849
200 300 0 1.3 0.745799 2.1828 2.92679
200 300 1.3 2.4 0.653496 0.619124 0.947402
300 600 -2.4 -1.3 0.577576 0.215894 0.373794
300 600 -1.3 0 0.791488 0.855831 1.08129
300 600 0 1.3 0.631623 0.588258 0.931343
300 600 1.3 2.4 0.771582 0.346146 0.448618
600 1000 -2.4 -1.3 0.639994 0.000852519 0.00133207
600 1000 -1.3 0 0.592819 0.0698213 0.117778
600 1000 0 1.3 0.848182 0.0684562 0.0807093
600 1000 1.3 2.4 0.822417 0.0665356 0.0809025
