30 50 -2.4 -1.3 0.151141 4.12825 27.314
30 50 -1.3 0 0.193112 9.25834 47.943
30 50 0 1.3 0.18768 10.0386 53.4881
30 50 1.3 2.4 0.132795 3.57352 26.9101
50 70 -2.4 -1.3 0.0861144 1.75585 20.3897
50 70 -1.3 0 0.150595 4.6712 31.0184
50 70 0 1.3 0.145858 4.58617 31.4426
50 70 1.3 2.4 0.124567 2.06748 16.5973
70 100 -2.4 -1.3 0.137364 1.64135 11.949
70 100 -1.3 0 0.112136 2.93747 26.1956
70 100 0 1.3 0.136267 3.3019 24.2311
70 100 1.3 2.4 0.106025 1.36673 12.8907
100 140 -2.4 -1.3 0.2834 2.65422 9.36562
100 140 -1.3 0 0.165767 2.93612 17.7124
100 140 0 1.3 0.10531 1.76511 16.7611
100 140 1.3 2.4 0.124711 1.16442 9.33696
140 200 -2.4 -1.3 0.119285 0.518616 4.34769
140 200 -1.3 0 0.143656 1.83639 12.7833
140 200 0 1.3 0.127476 1.31922 10.3488
140 200 1.3 2.4 0.141263 0.6985 4.94466
200 300 -2.4 -1.3 0.0617777 0.179158 2.90005
200 300 -1.3 0 0.129195 1.06639 8.25413
200 300 0 1.3 0.183964 1.37831 7.49229
200 300 1.3 2.4 0.0441003 0.108526 2.46089
300 600 -2.4 -1.3 0.247052 0.160715 0.650531
300 600 -1.3 0 0.142901 0.433043 3.03037
300 600 0 1.3 0.236932 0.533383 2.25121
300 600 1.3 2.4 0.170123 0.18525 1.08892
600 1000 -2.4 -1.3 0.0325223 0.000563704 0.0173329
600 1000 -1.3 0 0.41447 0.161256 0.389066
600 1000 0 1.3 0.0192145 0.00428445 0.22298
600 1000 1.3 2.4 -0.000756399 -8.17914e-06 0.0108133
