30 50 -2.4 -1.3 0.035731 109.33 3059.81
30 50 -1.3 0 0.0289673 140.135 4837.7
30 50 0 1.3 0.0309699 148.838 4805.89
30 50 1.3 2.4 0.0344538 104.606 3036.14
50 70 -2.4 -1.3 0.0358922 50.3261 1402.14
50 70 -1.3 0 0.031726 73.692 2322.77
50 70 0 1.3 0.0317184 74.1695 2338.38
50 70 1.3 2.4 0.0360844 47.9728 1329.46
70 100 -2.4 -1.3 0.0361702 37.7175 1042.78
70 100 -1.3 0 0.029044 56.2112 1935.38
70 100 0 1.3 0.0291581 56.3349 1932.05
70 100 1.3 2.4 0.0302789 31.4885 1039.95
100 140 -2.4 -1.3 0.0278929 19.3087 692.244
100 140 -1.3 0 0.0244087 35.0127 1434.43
100 140 0 1.3 0.0275608 38.8789 1410.66
100 140 1.3 2.4 0.029866 20.9955 702.99
140 200 -2.4 -1.3 0.0268084 13.3536 498.112
140 200 -1.3 0 0.0284291 29.3373 1031.95
140 200 0 1.3 0.024291 24.4056 1004.72
140 200 1.3 2.4 0.031884 15.6176 489.826
200 300 -2.4 -1.3 0.0257692 6.47548 251.287
200 300 -1.3 0 0.0261345 15.0783 576.948
200 300 0 1.3 0.0361022 20.0771 556.119
200 300 1.3 2.4 0.0340411 8.54786 251.104
300 600 -2.4 -1.3 0.0477384 4.31666 90.4233
300 600 -1.3 0 0.0444156 11.5278 259.543
300 600 0 1.3 0.0393282 10.5917 269.316
300 600 1.3 2.4 0.0404598 3.79225 93.7289
600 1000 -2.4 -1.3 0.0219007 0.0732354 3.34398
600 1000 -1.3 0 0.1025 2.38126 23.2318
600 1000 0 1.3 0.0746628 1.95943 26.2438
600 1000 1.3 2.4 0.200146 0.968763 4.84027
