30 50 -2.4 -1.3 0.192869 25.5318 132.379
30 50 -1.3 0 0.176174 37.4537 212.595
30 50 0 1.3 0.173054 37.6867 217.774
30 50 1.3 2.4 0.178314 23.8964 134.013
50 70 -2.4 -1.3 0.164487 10.0489 61.0925
50 70 -1.3 0 0.160941 17.9448 111.499
50 70 0 1.3 0.154126 16.9329 109.864
50 70 1.3 2.4 0.169739 10.9748 64.657
70 100 -2.4 -1.3 0.141695 6.57918 46.4319
70 100 -1.3 0 0.150211 13.3762 89.0496
70 100 0 1.3 0.161024 14.6651 91.074
70 100 1.3 2.4 0.0917131 4.33537 47.271
100 140 -2.4 -1.3 0.197036 5.87131 29.7981
100 140 -1.3 0 0.164822 10.1336 61.4818
100 140 0 1.3 0.126631 7.52861 59.453
100 140 1.3 2.4 0.149099 4.66563 31.2923
140 200 -2.4 -1.3 0.16168 2.64991 16.3898
140 200 -1.3 0 0.168374 8.29705 49.2775
140 200 0 1.3 0.176512 7.97301 45.1698
140 200 1.3 2.4 0.125115 2.20133 17.5944
200 300 -2.4 -1.3 0.111174 0.862897 7.76171
200 300 -1.3 0 0.23098 6.04747 26.1818
200 300 0 1.3 0.172023 4.2861 24.9159
200 300 1.3 2.4 0.160565 1.43573 8.94177
300 600 -2.4 -1.3 0.30404 1.22363 4.02458
300 600 -1.3 0 0.140819 1.50451 10.684
300 600 0 1.3 0.142053 1.65958 11.6828
300 600 1.3 2.4 0.0655966 0.200042 3.04957
600 1000 -2.4 -1.3 0.00683144 0.00150277 0.219978
600 1000 -1.3 0 0.240795 0.212699 0.883324
600 1000 0 1.3 0.0441265 0.091646 2.07689
600 1000 1.3 2.4 0.870623 0.180338 0.207137
