30 50 -2.4 -1.3 0.167186 15.0145 89.8071
30 50 -1.3 0 0.148956 22.8228 153.218
30 50 0 1.3 0.168784 24.8381 147.159
30 50 1.3 2.4 0.158746 13.6712 86.1199
50 70 -2.4 -1.3 0.170227 7.59486 44.616
50 70 -1.3 0 0.184971 14.3181 77.4074
50 70 0 1.3 0.143857 10.4977 72.9734
50 70 1.3 2.4 0.183237 7.88801 43.048
70 100 -2.4 -1.3 0.113991 3.98094 34.9234
70 100 -1.3 0 0.110977 7.76513 69.9709
70 100 0 1.3 0.145501 9.31106 63.9932
70 100 1.3 2.4 0.178583 5.99053 33.5448
100 140 -2.4 -1.3 0.130865 2.49649 19.0768
100 140 -1.3 0 0.133956 5.58995 41.7298
100 140 0 1.3 0.10941 4.78582 43.7421
100 140 1.3 2.4 0.161109 2.94194 18.2605
140 200 -2.4 -1.3 0.118167 1.42492 12.0585
140 200 -1.3 0 0.156133 4.97278 31.8497
140 200 0 1.3 0.11931 3.67808 30.8278
140 200 1.3 2.4 0.108293 1.2342 11.3969
200 300 -2.4 -1.3 0.170749 1.17624 6.88872
200 300 -1.3 0 0.111584 2.3354 20.9294
200 300 0 1.3 0.126554 2.2411 17.7086
200 300 1.3 2.4 0.245272 1.61682 6.59194
300 600 -2.4 -1.3 0.10018 0.226682 2.26275
300 600 -1.3 0 0.19384 1.5509 8.00096
300 600 0 1.3 0.177016 1.34748 7.61218
300 600 1.3 2.4 0.150627 0.229794 1.52559
600 1000 -2.4 -1.3 0.193759 0.00167247 0.00863168
600 1000 -1.3 0 0.0781673 0.0387917 0.496264
600 1000 0 1.3 0.313213 0.445243 1.42154
600 1000 1.3 2.4 0.0422589 0.0010385 0.0245746
