30 50 -2.4 -1.3 0.147497 1.87751 12.7291
30 50 -1.3 0 0.160958 3.99405 24.8143
30 50 0 1.3 0.123268 3.0971 25.1248
30 50 1.3 2.4 0.159348 2.11281 13.2591
50 70 -2.4 -1.3 0.150749 1.3472 8.93668
50 70 -1.3 0 0.172408 2.46676 14.3077
50 70 0 1.3 0.141675 2.04575 14.4397
50 70 1.3 2.4 0.112468 1.07793 9.58432
70 100 -2.4 -1.3 0.119031 0.844766 7.09703
70 100 -1.3 0 0.101295 1.32824 13.1126
70 100 0 1.3 0.128493 1.78218 13.8699
70 100 1.3 2.4 0.112957 0.870618 7.70754
100 140 -2.4 -1.3 0.102829 0.577825 5.61928
100 140 -1.3 0 0.140092 1.30628 9.32446
100 140 0 1.3 0.148281 1.3646 9.20282
100 140 1.3 2.4 0.141603 0.816019 5.76271
140 200 -2.4 -1.3 0.128813 0.564721 4.38403
140 200 -1.3 0 0.182721 1.38607 7.58569
140 200 0 1.3 0.163142 1.13104 6.93285
140 200 1.3 2.4 0.172465 0.67247 3.89917
200 300 -2.4 -1.3 0.192696 0.454466 2.35847
200 300 -1.3 0 0.176726 0.886406 5.01572
200 300 0 1.3 0.142972 0.712776 4.98544
200 300 1.3 2.4 0.158614 0.318945 2.01083
300 600 -2.4 -1.3 0.201843 0.249265 1.23494
300 600 -1.3 0 0.134896 0.425885 3.15713
300 600 0 1.3 0.175003 0.697333 3.9847
300 600 1.3 2.4 0.167576 0.165725 0.988956
600 1000 -2.4 -1.3 0.396946 0.0274814 0.0692322
600 1000 -1.3 0 0.114932 0.036676 0.319112
600 1000 0 1.3 0 0 0.35367
600 1000 1.3 2.4 0 0 0.169957
