30 50 -2.4 -1.3 0.666758 128.266 192.372
30 50 -1.3 0 0.754215 475.254 630.131
30 50 0 1.3 0.757152 477.088 630.108
30 50 1.3 2.4 0.673217 131.525 195.368
50 70 -2.4 -1.3 0.705113 157.195 222.935
50 70 -1.3 0 0.780655 435.441 557.789
50 70 0 1.3 0.782513 431.943 551.994
50 70 1.3 2.4 0.697974 152.318 218.23
70 100 -2.4 -1.3 0.718135 147.798 205.808
70 100 -1.3 0 0.800184 456.72 570.769
70 100 0 1.3 0.800434 453.309 566.33
70 100 1.3 2.4 0.725576 149.343 205.827
100 140 -2.4 -1.3 0.742162 111.16 149.779
100 140 -1.3 0 0.821392 351.991 428.531
100 140 0 1.3 0.811834 348.803 429.648
100 140 1.3 2.4 0.75237 110.365 146.689
140 200 -2.4 -1.3 0.769071 65.0431 84.5736
140 200 -1.3 0 0.822341 240.454 292.401
140 200 0 1.3 0.823443 234.845 285.199
140 200 1.3 2.4 0.76612 66.8529 87.2616
200 300 -2.4 -1.3 0.743413 27.7521 37.3307
200 300 -1.3 0 0.834356 110.13 131.994
200 300 0 1.3 0.828924 110.809 133.678
200 300 1.3 2.4 0.764416 27.392 35.8339
300 600 -2.4 -1.3 0.739758 7.95334 10.7513
300 600 -1.3 0 0.818707 37.061 45.2676
300 600 0 1.3 0.818748 37.4958 45.7965
300 600 1.3 2.4 0.757133 6.22597 8.22309
600 1000 -2.4 -1.3 0.819368 0.249524 0.304532
600 1000 -1.3 0 0.723083 1.99742 2.76237
600 1000 0 1.3 0.740046 2.41568 3.26423
600 1000 1.3 2.4 0.762817 0.201195 0.263753
