30 50 -2.4 -1.3 0.149696 10.4992 70.1364
30 50 -1.3 0 0.179512 18.7614 104.513
30 50 0 1.3 0.169057 17.6045 104.133
30 50 1.3 2.4 0.157548 10.9801 69.6939
50 70 -2.4 -1.3 0.16189 5.49898 33.9673
50 70 -1.3 0 0.170594 9.00579 52.7907
50 70 0 1.3 0.158359 8.24676 52.0765
50 70 1.3 2.4 0.160217 5.51594 34.428
70 100 -2.4 -1.3 0.131542 3.80636 28.9365
70 100 -1.3 0 0.157049 7.06225 44.9683
70 100 0 1.3 0.174248 7.94203 45.5788
70 100 1.3 2.4 0.152135 4.43919 29.1792
100 140 -2.4 -1.3 0.111746 2.22999 19.9558
100 140 -1.3 0 0.162026 5.44518 33.6069
100 140 0 1.3 0.179214 6.04889 33.7523
100 140 1.3 2.4 0.150844 3.0157 19.9922
140 200 -2.4 -1.3 0.116101 1.90477 16.4062
140 200 -1.3 0 0.16475 4.34606 26.3797
140 200 0 1.3 0.186901 4.85513 25.977
140 200 1.3 2.4 0.120936 1.74333 14.4153
200 300 -2.4 -1.3 0.143527 1.08778 7.57895
200 300 -1.3 0 0.174815 3.02526 17.3055
200 300 0 1.3 0.167534 2.79666 16.6931
200 300 1.3 2.4 0.145502 1.19009 8.17915
300 600 -2.4 -1.3 0.212434 1.07383 5.05491
300 600 -1.3 0 0.233127 2.65795 11.4013
300 600 0 1.3 0.256521 3.0881 12.0384
300 600 1.3 2.4 0.133187 0.630625 4.73486
600 1000 -2.4 -1.3 0.199317 0.0700196 0.351298
600 1000 -1.3 0 0.350235 0.430627 1.22954
600 1000 0 1.3 0.204305 0.32289 1.58043
600 1000 1.3 2.4 0.431473 0.106852 0.247644
