30 50 -2.4 -1.3 0.655001 144.76 221.007
30 50 -1.3 0 0.734802 528.961 719.869
30 50 0 1.3 0.743803 541.114 727.496
30 50 1.3 2.4 0.654585 147.63 225.532
50 70 -2.4 -1.3 0.691896 170.056 245.783
50 70 -1.3 0 0.771545 483.54 626.716
50 70 0 1.3 0.765173 482.326 630.349
50 70 1.3 2.4 0.699555 176.053 251.665
70 100 -2.4 -1.3 0.711359 165.132 232.136
70 100 -1.3 0 0.785052 512.879 653.306
70 100 0 1.3 0.790592 513.921 650.045
70 100 1.3 2.4 0.714884 166.824 233.358
100 140 -2.4 -1.3 0.727061 120.158 165.265
100 140 -1.3 0 0.798828 395.406 494.983
100 140 0 1.3 0.802586 397.33 495.062
100 140 1.3 2.4 0.728094 120.419 165.39
140 200 -2.4 -1.3 0.739817 76.2066 103.007
140 200 -1.3 0 0.814861 266.632 327.212
140 200 0 1.3 0.814525 268.507 329.648
140 200 1.3 2.4 0.744805 72.7506 97.6774
200 300 -2.4 -1.3 0.743735 30.8333 41.4574
200 300 -1.3 0 0.805933 121.622 150.908
200 300 0 1.3 0.805053 124.937 155.191
200 300 1.3 2.4 0.763977 31.7346 41.5387
300 600 -2.4 -1.3 0.720284 6.84937 9.50925
300 600 -1.3 0 0.796174 37.4848 47.0811
300 600 0 1.3 0.786459 35.9563 45.7192
300 600 1.3 2.4 0.734922 7.93075 10.7913
600 1000 -2.4 -1.3 0.769362 0.475024 0.617426
600 1000 -1.3 0 0.802144 2.85907 3.56429
600 1000 0 1.3 0.798152 2.80708 3.51698
600 1000 1.3 2.4 0.711831 0.338285 0.475233
