30 50 -2.4 -1.3 0.727799 534.542 734.464
30 50 -1.3 0 0.78853 1420.74 1801.76
30 50 0 1.3 0.782959 1396.31 1783.38
30 50 1.3 2.4 0.726345 534.676 736.119
50 70 -2.4 -1.3 0.765086 417.808 546.093
50 70 -1.3 0 0.811832 1130.33 1392.32
50 70 0 1.3 0.804126 1118.73 1391.24
50 70 1.3 2.4 0.75229 409.735 544.65
70 100 -2.4 -1.3 0.780315 414.445 531.125
70 100 -1.3 0 0.826535 1195.93 1446.92
70 100 0 1.3 0.824096 1178.16 1429.64
70 100 1.3 2.4 0.771685 404.778 524.538
100 140 -2.4 -1.3 0.79154 285.109 360.195
100 140 -1.3 0 0.838821 908.549 1083.13
100 140 0 1.3 0.836201 914.684 1093.86
100 140 1.3 2.4 0.786414 287.172 365.166
140 200 -2.4 -1.3 0.806866 176.385 218.605
140 200 -1.3 0 0.852139 614.674 721.331
140 200 0 1.3 0.850758 627.438 737.505
140 200 1.3 2.4 0.793377 174.512 219.961
200 300 -2.4 -1.3 0.788094 68.9934 87.5446
200 300 -1.3 0 0.856296 282.244 329.61
200 300 0 1.3 0.8519 283.342 332.6
200 300 1.3 2.4 0.785525 69.0131 87.856
300 600 -2.4 -1.3 0.756749 19.1255 25.2733
300 600 -1.3 0 0.83473 88.8062 106.389
300 600 0 1.3 0.829164 94.0808 113.465
300 600 1.3 2.4 0.746654 17.3575 23.247
600 1000 -2.4 -1.3 0.744288 0.634711 0.852775
600 1000 -1.3 0 0.766415 6.15545 8.03149
600 1000 0 1.3 0.759311 6.22712 8.20101
600 1000 1.3 2.4 0.649266 0.874332 1.34665
